Level 1 & Theme 1
Temps de resolution total : 27.000000

Paire 1

Debut : 20:30:36
Fin : 20:30:38
Nombre de seconde : 2.000000

2 Erreurs
(id image fausse 11)
(id image fausse 11)

26 Deplacement
(137,176)
(137,176)
(137,176)
(137,176)
(137,176)
(143,176)
(174,183)
(195,187)
(206,188)
(211,188)
(212,188)
(212,188)
(212,188)
(212,188)
(212,188)
(212,188)
(212,188)
(212,188)
(290,243)
(450,360)
(527,409)
(537,414)
(538,415)
(538,415)
(538,415)
(538,415)

2 Clics
(137,176)
(538,415)

Paire 3

Debut : 20:30:38
Fin : 20:30:39
Nombre de seconde : 1.000000

0 Erreurs

9 Deplacement
(267,190)
(268,190)
(300,192)
(332,200)
(353,202)
(364,202)
(366,202)
(366,202)
(366,202)

2 Clics
(267,190)
(366,202)

Paire 5

Debut : 20:30:23
Fin : 20:30:25
Nombre de seconde : 2.000000

1 Erreurs
(id image fausse 9)

30 Deplacement
(664,208)
(664,208)
(664,208)
(664,208)
(664,208)
(664,208)
(664,208)
(664,208)
(664,208)
(664,208)
(664,208)
(664,207)
(653,204)
(638,202)
(625,201)
(613,201)
(608,201)
(607,201)
(607,203)
(679,210)
(755,201)
(770,197)
(775,196)
(786,196)
(808,194)
(853,190)
(883,188)
(887,188)
(888,188)
(889,188)

2 Clics
(666,208)
(889,188)

Paire 9

Debut : 20:30:34
Fin : 20:30:34
Nombre de seconde : 0.000000

3 Erreurs
(id image fausse 1)
(id image fausse 5)
(id image fausse 7)

11 Deplacement
(707,231)
(536,271)
(445,292)
(374,313)
(342,323)
(304,342)
(273,360)
(263,366)
(250,373)
(240,378)
(238,380)

2 Clics
(764,223)
(236,380)

Paire 7

Debut : 20:30:34
Fin : 20:30:36
Nombre de seconde : 2.000000

1 Erreurs
(id image fausse 5)

30 Deplacement
(85,387)
(85,387)
(85,387)
(85,387)
(85,384)
(98,378)
(169,365)
(300,365)
(387,371)
(429,370)
(469,370)
(481,370)
(484,370)
(486,370)
(491,370)
(566,361)
(674,334)
(781,288)
(882,246)
(915,228)
(918,227)
(920,227)
(922,226)
(923,226)
(941,220)
(974,213)
(1004,205)
(1021,199)
(1024,199)
(1025,199)

2 Clics
(85,387)
(1026,199)

Paire 11

Debut : 20:30:29
Fin : 20:30:30
Nombre de seconde : 1.000000

1 Erreurs
(id image fausse 13)

38 Deplacement
(318,375)
(318,375)
(318,375)
(318,375)
(318,375)
(318,375)
(318,375)
(318,375)
(318,375)
(318,375)
(318,375)
(318,375)
(318,375)
(318,375)
(366,363)
(419,343)
(425,340)
(423,340)
(362,341)
(327,344)
(304,344)
(296,336)
(282,236)
(278,212)
(278,210)
(278,210)
(278,210)
(321,212)
(441,229)
(525,267)
(582,311)
(600,333)
(601,340)
(598,353)
(597,356)
(597,358)
(597,359)
(597,359)

2 Clics
(318,375)
(597,359)

Paire 13

Debut : 20:30:16
Fin : 20:30:17
Nombre de seconde : 1.000000

0 Erreurs

20 Deplacement
(787,377)
(787,377)
(787,377)
(787,377)
(787,377)
(787,377)
(787,377)
(787,377)
(787,377)
(787,377)
(787,377)
(787,377)
(812,378)
(864,378)
(895,378)
(904,378)
(907,378)
(908,378)
(909,378)
(909,378)

2 Clics
(787,377)
(909,378)

Paire 15

Debut : 20:30:25
Fin : 20:30:26
Nombre de seconde : 1.000000

1 Erreurs
(id image fausse 7)

28 Deplacement
(496,196)
(496,196)
(496,196)
(496,196)
(496,196)
(496,196)
(496,196)
(496,196)
(496,196)
(496,196)
(496,196)
(496,196)
(608,199)
(660,198)
(668,198)
(668,198)
(668,198)
(668,200)
(672,214)
(827,255)
(947,285)
(981,329)
(992,348)
(997,357)
(1005,367)
(1008,371)
(1009,373)
(1009,374)

2 Clics
(496,196)
(1009,374)
